む 56 36
め 86 6
も 69 16 1
ゃ 6 1 1
や 76 58 34 2
ゅ 19 8
ゆ 23 6
ょ 23 4
よ 96 30 2
ら 38 24 1
り 94 26 5
る 96 39 18
れ 12 1
ろ 24 8
ゎ 3
わ 44 5
ゐ 43
ゑ 8
を 7
ん 96 69 28
ゔ 7 1
〜 20
ぁ 7 1
あ 34 8 1 1
ぃ 1 1
い 89 4 1 1
ぅ 8 1
う 99 24 1
ぇ 32 3 1
え 13 1 1
ぉ 12 1
お 28 14 1 1
か 61 41 14
が 90 51 18
き 85 66 20
ぎ 16 3
く 85 45 11
ぐ 5 1
け 52 35
げ 1 1
こ 9 1 1
ご 4 1
さ 75 51 27
ざ 44 13
し 95 73 47
じ 49 33 1
す 97 67 12
ず 16 1
せ 80 6 1
ぜ 1 1
そ 59 48
ぞ 23 2
た 30 5 1
だ 82 26 1
ち 99 26 4
ぢ 9 1
っ 63 29 2
つ 83 20 1
づ 22 9
て 61 1 1
で 25 5
と 68 49 8
ど 41 17
な 23 1 1
に 56 15 1
ぬ 8 1
ね 61 26
の 8 1 1
は 57 19 1 1
ば 42 15 1
ぱ 6 1 1
ひ 78 28
び 37 11 1
ぴ 2 1 1
ふ 7 1 1
ぶ 76 4 1
ぷ 4 1
へ 15 1 1
べ 8 1
ぺ 67 3
ほ 16 1 1
ぼ 83 11
ー 94 68 36
ぽ 27 8
ま 58 34 1
み 91 61 2